[[ 52  52  52  52  80  87  87  87  87  87  87  87  87  87  87  87  87  87
   91 124 124 124 124 124 124  94  87  87  87  87  87  87  87  87  87  87
   87  87  87  87  87  87  87  87  87  87  87  87  87  87  87  87  87  87
  101 123 112  87  87  87  91 123 123 123 123 123 123  94  87  87  87  87
   87  87  87  87  87  87  87  87  87  87  87  87]
 [ 87  87  87  87  87  87  87  87  87  87  87  87  87  87  87  87  87  87
   93 148 148 148 148 148 148  99  87  87  87  87  87  87  87  87  87  87
   87  87  87  87  87  87  87  87  87  87  87  87  87  87  87  87  87  87
  111 147 129  87  87  87  93 147 147 147 147 147 147  99  87  87  87  87
   87  87  87  87  87  87  87  87  87  87  87  87]
 [ 87  87  87  87  87  87  87  87  87  87  87  87  87  87  87  87  87  87
   93 148 148  87  87 142 148  99  87  87  87  87  87  87  87  87  87  87
   87  87  87  87  87  87  87  87  87  87  87  87  87  87  87  87  87  87
  111 147 129  87  87  87  93 147 147  87  87 141 147  99  87  87  87  87
   87  87  87  87  87  87  87  87  87  87  87  87]
 [ 87  87  87  87  87  87  87  87  87  87  87  87  87  87  87  87  87  87
   93 148 148  87  87 142 148  99  87  87  87  87  87  87  87  87  87  87
   87  87  87  87  87  87  87  87  87  87  87  87  87  87  87  87  87  87
  111 147 129  87  87  87  93 147 147  87  87 141 147  99  87  87  87  87
   87  87  87  87  87  87  87  87  87  87  87  87]
 [ 87  87  87  87  87  87  87  87  87  87  87  87  87  87  87  87  87  87
   93 148 148  87  87 142 148  99  87  87  87  87  87  87  87  87  87  87
   87  87  87  87  87  87  87  87  87  87  87  87  87  87  87  87  87  87
  111 147 129  87  87  87  93 147 147  87  87 141 147  99  87  87  87  87
   87  87  87  87  87  87  87  87  87  87  87  87]
 [ 87  87  87  87  87  87  87  87  87  87  87  87  87  87  87  87  87  87
   93 148 148  87  87 142 148  99  87  87  87  87  87  87  87  87  87  87
   87  87  87  87  87  87  87  87  87  87  87  87  87  87  87  87  87  87
  111 147 129  87  87  87  93 147 147  87  87 141 147  99  87  87  87  87
   87  87  87  87  87  87  87  87  87  87  87  87]
 [ 87  87  87  87  87  87  87  87  87  87  87  87  87  87  87  87  87  87
   93 148 148  99  99 143 148  99  87  87  87  87  87  87  87  87  87  87
   87  87  87  87  87  87  87  87  87  87  87  87  87  87  87  87  87  87
  111 147 129  87  87  87  93 147 147  99  99 142 147  99  87  87  87  87
   87  87  87  87  87  87  87  87  87  87  87  87]
 [ 87  87  87  87  87  87  87  87  87  87  87  87  87  87  87  87  87  87
   93 148 148 148 148 148 148  99  87  87  87  87  87  87  87  87  87  87
   87  87  87  87  87  87  87  87  87  87  87  87  87  87  87  87  87  87
  111 147 129  87  87  87  93 147 147 147 147 147 147  99  87  87  87  87
   87  87  87  87  87  87  87  87  87  87  87  87]
 [ 87  87  87  87  87  87  87  87  87  87  87  87  87  87  87  87  87  87
   89 111 111 111 111 111 111  92  87  87  87  87  87  87  87  87  87  87
   87  87  87  87  87  87  87  87  87  87  87  87  87  87  87  87  87  87
   97 111 104  87  87  87  89 111 111 111 111 111 111  92  87  87  87  87
   87  87  87  87  87  87  87  87  87  87  87  87]
 [147 147 147 147 147 147 147 147 147 147 147 147 147 147 147 147 147 147
  147 147 147 147 147 147 147 147 147 147 147 147 147 147 147 147 147 147
  147 147 147 147 147 147 147 147 147 147 147 147 147 147 147 147 147 147
  147 147 147 147 147 147 147 147 147 147 147 147 147 147 147 147 147 147
  147 147 147 147 147 147 147 147 147 147 147 147]
 [236 236 236 236 236 236 236 236 236 236 236 236 236 236 236 236 236 236
  236 236 236 236 236 236 236 236 236 236 236 236 236 236 236 236 236 236
  236 236 236 236 236 236 236 236 236 236 236 236 236 236 236 236 236 236
  236 236 236 236 236 236 236 236 236 236 236 236 236 236 236 236 236 236
  236 236 236 236 236 236 236 236 236 236 236 236]
 [236 236 236 236 236 236 236 236 236 236 236 236 236 236 236 236 236 236
  236 236 236 236 236 236 236 236 236 236 236 236 236 236 236 236 236 236
  236 236 236 236 236 236 236 236 236 236 236 236 236 236 236 236 236 236
  236 236 236 236 236 236 236 236 236 236 236 236 236 236 236 236 236 236
  236 236 236 236 236 236 236 236 236 236 236 236]
 [236 236 236 236 236 236 236 236 236 236 236 236 236 236 236 236 236 236
  236 236 236 236 236 236 236 236 236 236 236 236 236 236 236 236 236 236
  236 236 236 236 236 236 236 236 236 236 236 236 236 236 236 236 236 236
  236 236 236 236 236 236 236 236 236 236 236 236 236 236 236 236 236 236
  236 236 236 236 236 236 236 236 236 236 236 236]
 [176 176 176 176 176 176 176 176 176 176 176 176 176 176 176 176 176 176
  176 176 176 176 176 176 176 176 176 176 176 176 176 176 176 176 176 176
  176 176 176 176 176 176 176 176 176 176 176 176 176 176 176 176 176 176
  176 176 176 176 176 176 176 176 176 176 176 176 176 176 176 176 176 176
  176 176 176 176 176 176 176 176 176 176 176 176]
 [ 87  87  87  87  87  87  87  87  87  87  87  87  87  87  87  87  87  87
   87  87  87  87  87  87  87  87  87  87  87  87  87  87  87  87  87  87
   87  87  87  87  87  87  87  87  87  87  87  87  87  87  87  87  87  87
   87  87  87  87  87  87  87  87  87  87  87  87  87  87  87  87  87  87
   87  87  87  87  87  87  87  87  87  87  87  87]
 [ 87  87  87  87  87  87  87  87  87  87  87  87  87  87  87  87  87  87
   87  87  87  87  87  87  87  87  87  87  87  87  87  87  87  87  87  87
   87  87  87  87  87  87  87  87  87  87  87  87  87  87  87  87  87  87
   87  87  87  87  87  87  87  87  87  87  87  87  87  87  87  87  87  87
   87  87  87  87  87  87  87  87  87  87  87  87]
 [ 87  87  87  87  87  87  87  87  87  87  87  87  87  87  87  87  87  87
   87  87  87  87  87  87  87  87  87  87  87  87  87  87  87  87  87  87
   87  87  87  87  87  87  87  87  87  87  87  87  87  87  87  87  87  87
   87  87  87  87  87  87  87  87  87  87  87  87  87  87  87  87  87  87
   87  87  87  87  87  87  87  87  87  87  87  87]
 [ 87  87  87  87  87  87  87  87  87  87  87  87  87  87  87  87  87  87
   87  87  87  87  87  87  87  87  87  87  87  87  87  87  87  87  87  87
   87  87  87  87  87  87  87  87  87  87  87  87  87  87  87  87  87  87
   87  87  87  87  87  87  87  87  87  87  87  87  87  87  87  87  87  87
   87  87  87  87  87  87  87  87  87  87  87  87]
 [ 87  87  87  87  87  87  87  87  87  87  87  87  87  87  87  87  87  87
   87  87  87  87  87  87  87  87  87  87  87  87  87  87  87  87  87  87
   87  87  87  87  87  87  87  87  87  87  87  87  87  87  87  87  87  87
   87  87  87  87  87  87  87  87  87  87  87  87  87  87  87  87  87  87
   87  87  87  87  87  87  87  87  87  87  87  87]
 [ 87  87  87  87  87  87  87  87  87  87  87  87  87  87  87  87  87  87
   87  87  87  87  87  87  87  87  87  87  87  87  87  87  87  87  87  87
   87  87  87  87  87  87  87  87  87  87  87  87  87  87  87  87  87  87
   87  87  87  87  87  87  87  87  87  87  87  87  87  87  87  87  87  87
   87  87  87  87  87  87  87  87  87  87  87  87]
 [ 87  87  87  87  87  87  87  87  87  87  87  87  87  87  87  87  87  87
   87  87  87  87  87  87  87  87  87  87  87  87  87  87  87  87  87  87
   87  87  87  87  87  87  87  87  87  87  87  87  87  87  87  87  87  87
   87  87  87  87  87  87  87  87  87  87  87  87  87  87  87  87  87  87
   87  93  99  94  87  87  87  87  87  87  87  87]
 [ 87  87  87  87  87  87  87  87  87  87  87  87  87  87  87  87  87  87
   87  87  87  87  87  87  87  87  87  87  87  87  87  87  87  87  87  87
   87  87  87  87  87  87  87  87  87  87  87  87  87  87  87  87  87  87
   87  87  87  87  87  87  87  87  87  87  87  87  87  87  87  87  87  87
   87 117 147 123  87  87  87  87  87  87  87  87]
 [ 87  87  87  87  87  87  87  87  87  87  87  87  87  87  87  87  87  87
   87  87  87  87  87  87  87  87  87  87  87  87  87  87  87  87  87  87
   87  87  87  87  87  87  87  87  87  87  87  87  87  87  87  87  87  87
   87  87  87  87  87  87  87  87  87  87  87  87  87  87  87  87  87  87
   87 117 147 123  87  87  87  87  87  87  87  87]
 [ 87  87  87  87  87  87  87  87  87  87  87  87  87  87  87  87  87  87
   87  87  87  87  87  87  87  87  87  87  87  87  87  87  87  87  87  87
   87  87  87  87  87  87  87  87  87  87  87  87  87  87  87  87  87  87
   87  87  87  87  87  87  87  87  87  87  87  87  87  87  87  87  87  87
   87 117 147 123  87  87  87  87  87  87  87  87]
 [ 87  87  87  87  87  87  87  87  87  87  87  87  87  87  87  87  87  87
   87  87  87  87  87  87  87  87  87  87  87  87  87  87  87  87  87  87
   87  87  87  87  87  87  87  87  87  87  87  87  87  87  87  87  87  87
   87  87  87  87  87  87  87  87  87  87  87  87  87  87  87  87  87  87
   87 117 147 123  87  87  87  87  87  87  87  87]
 [ 87  87  87  87  87  87  87  87  87  87  87  87  87  87  87  87  87  87
   87  87  87  87  87  87  87  87  87  87  87  87  87  87  87  87  87  87
   87  87  87  87  87  87  87  87  87  87  87  87  87  87  87  87  87  87
   87  87  87  87  87  87  87  87  87  87  87  87  87  87  87  87  87  87
   87 117 147 123  87  87  87  87  87  87  87  87]
 [ 87  87  87  87  87  87  87  87  87  87  87  87  87  87  87  87  87  87
   87  87  87  87  87  87  87  87  87  87  87  87  87  87  87  87  87  87
   87  87  87  87  87  87  87  87  87  87  87  87  87  87  87  87  87  87
   87  87  87  87  87  87  87  87  87  87  87  87  87  87  87  87  87  87
   87 117 147 123  87  87  87  87  87  87  87  87]
 [ 87  87  87  87  87  87  87  87  87  87  87  87  87  87  87  87  87  87
   87  87  87  87  87  87  87  87  87  87  87  87  87  87  87  87  87  87
   87  87  87  87  87  87  87  87  87  87  87  87  87  87  87  87  87  87
   87  87  87  87  87  87  87  87  87  87  87  87  87  87  87  87  87  87
   87 117 147 123  87  87  87  87  87  87  87  87]
 [ 87  87  87  87  87  87  87  87  87  87  87  87  87  87  87  87  87  87
   87  87  87  87  87  87  87  87  87  87  87  87  87  87  87  87  87  87
   87  87  87  87  87  87  87  87  87  87  87  87  87  87  87  87  87  87
   87  87  87  87  87  87  87  87  87  87  87  87  87  87  87  87  87  87
   87  87  87  87  87  87  87  87  87  87  87  87]
 [ 87  87  87  87  87  87  87  87  87  87  87  87  87  87  87  87  87  87
   87  87  87  87  87  87  87  87  87  87  87  87  87  87  87  87  87  87
   87  87  87  87  87  87  87  87  87  87  87  87  87  87  87  87  87  87
   87  87  87  87  87  87  87  87  87  87  87  87  87  87  87  87  87  87
   87  87  87  87  87  87  87  87  87  87  87  87]
 [ 87  87  87  87  87  87  87  87  87  87  87  87  87  87  87  87  87  87
   87  87  87  87  87  87  87  87  87  87  87  87  87  87  87  87  87  87
   87  87  87  87  87  87  87  87  87  87  87  87  87  87  87  87  87  87
   87  87  87  87  87  87  87  87  87  87  87  87  87  87  87  87  87  87
   87  87  87  87  87  87  87  87  87  87  87  87]
 [ 87  87  87  87  87  87  87  87  87  87  87  87  87  87  87  87  87  87
   87  87  87  87  87  87  87  87  87  87  87  87  87  87  87  87  87  87
   87  87  87  87  87  87  87  87  87  87  87  87  87  87  87  87  87  87
   87  87  87  87  87  87  87  87  87  87  87  87  87  87  87  87  87  87
   87  87  87  87  87  87  87  87  87  87  87  87]
 [ 87  87  87  87  87  87  87  87  87  87  87  87  87  87  87  87  87  87
   87  87  87  87  87  87  87  87  87  87  87  87  87  87  87  87  87  87
   87  87  87  87  87  87  87  87  87  87  87  87  87  87  87  87  87  87
   87  87  87  87  87  87  87  87  87  87  87  87  87  87  87  87  87  87
   87  87  87  87  87  87  87  87  87  87  87  87]
 [ 87  87  87  87  87  87  87  87  87  87  87  87  87  87  87  87  87  87
   87  87  87  87  87  87  87  87  87  87  87  87  87  87  87  87  87  87
   87  87  87  87  87  87  87  87  87  87  87  87  87  87  87  87  87  87
   87  87  87  87  87  87  87  87  87  87  87  87  87  87  87  87  87  87
   87  87  87  87  87  87  87  87  87  87  87  87]
 [ 87  87  87  87  87  87  87  87  87  87  87  87  87  87  87  87  87  87
   87  87  87  87  87  87  87  87  87  87  87  87  87  87  87  87  87  87
   87  87  87  87  87  87  87  87  87  87  87  87  87  87  87  87  87  87
   87  87  87  87  87  87  87  87  87  87  87  87  87  87  87  87  87  87
   87  87  87  87  87  87  87  87  87  87  87  87]
 [ 87  87  87  87  87  87  87  87  87  87  87  87  87  87  87  87  87  87
   87  87  87  87  87  87  87  87  87  87  87  87  87  87  87  87  87  87
   87  87  87  87  87  87  87  87  87  87  87  87  87  87  87  87  87  87
   87  87  87  87  87  87  87  87  87  87  87  87  87  87  87  87  87  87
   87  87  87  87  87  87  87  87  87  87  87  87]
 [ 87  87  87  87  87  87  87  87  87  87  87  87  87  87  87  87  87  87
   87  87  87  87  87  87  87  87  87  87  87  87  87  87  87  87  87  87
   87  87  87  87  87  87  87  87  87  87  87  87  87  87  87  87  87  87
   87  87  87  87  87  87  87  87  87  87  87  87  87  87  87  87  87  87
   87  87  87  87  87  87  87  87  87  87  87  87]
 [ 87  87  87  87  87  87  87  87  87  87  87  87  87  87  87  87  87  87
   87  87  87  87  87  87  87  87  87  87  87  87  87  87  87  87  87  87
   87  87  87  87  87  87  87  87  87  87  87  87  87  87  87  87  87  87
   87  87  87  87  87  87  87  87  87  87  87  87  87  87  87  87  87  87
   87  87  87  87  87  87  87  87  87  87  87  87]
 [ 87  87  87  87  87  87  87  87  87  87  87  87  87  87  87  87  87  87
   87  87  87  87  87  87  87  87  87  87  87  87  87  87  87  87  87  87
   87  87  87  87  87  87  87  87  87  87  87  87  87  87  87  87  87  87
   87  87  87  87  87  87  87  87  87  87  87  87  87  87  87  87  87  87
   87  87  87  87  87  87  87  87  87  87  87  87]
 [ 87  87  87  87  87  87  87  87 102 111  99  87  87  87  87  87  87  87
   87  87  87  87  87  87  87  87  87  87  87  87  87  87  87  87  87  87
   87  87  87  87  87  87  87  87  87  87  87  87  87  87  87  87  87  87
   87  87  87  87  87  87  87  87  87  87  87  87  87  87  87  87  87  87
   87  87  87  87  87  87  87  87  87  87  87  87]
 [ 87  87  87  87  87  87  87  87 124 148 118  87  87  87  87  87  87  87
   87  87  87  87  87  87  87  87  87  87  87  87  87  87  87  87 217 160
   87  87  87  87  87  87  87  87  87  87  87  87  87  87  87  87  87  87
   87  87  87  87  87  87  87  87  87  87  87  87  87  87  87  87  87  87
   87  87  87  87  87  87  87  87  87  87  87  87]
 [ 87  87  87  87  87  87  87  87 124 148 118  87  87  87  87  87  87  87
   87  87  87  87  87  87  87  87  87  87  87  87  87  87  87  87 186 191
   87  87  87  87  87  87  87  87  87  87  87  87  87  87  87  87  87  87
   87  87  87  87  87  87  87  87  87  87  87  87  87  87  87  87  87  87
   87  87  87  87  87  87  87  87  87  87  87  87]
 [ 87  87  87  87  87  87  87  87 124 148 118  87  87  87  87  87  87  87
   87  87  87  87  87  87  87  87  87  87  87  87  87  87  87  87  87  87
   87  87  87  87  87  87  87  87  87  87  87  87  87  87  87  87  87  87
   87  87  87  87  87  87  87  87  87  87  87  87  87  87  87  87  87  87
   87  87  87  87  87  87  87  87  87  87  87  87]
 [ 87  87  87  87  87  87  87  87 124 148 118  87  87  87  87  87  87  87
   87  87  87  87  87  87  87  87  87  87  87  87  87  87  87  87  87  87
   87  87  87  87  87  87  87  87  87  87  87  87  87  87  87  87  87  87
   87  87  87  87  87  87  87  87  87  87  87  87  87  87  87  87  87  87
   87  87  87  87  87  87  87  87  87  87  87  87]
 [ 87  87  87  87  87  87  87  87 124 148 118  87  87  87  87  87  87  87
   87  87  87  87  87  87  87  87  87  87  87  87  87  87  87  87  87  87
   87  87  87  87  87  87  87  87  87  87  87  87  87  87  87  87  87  87
   87  87  87  87  87  87  87  87  87  87  87  87  87  87  87  87  87  87
   87  87  87  87  87  87  87  87  87  87  87  87]
 [ 87  87  87  87  87  87  87  87 124 148 118  87  87  87  87  87  87  87
   87  87  87  87  87  87  87  87  87  87  87  87  87  87  87  87  87  87
   87  87  87  87  87  87  87  87  87  87  87  87  87  87  87  87  87  87
   87  87  87  87  87  87  87  87  87  87  87  87  87  87  87  87  87  87
   87  87  87  87  87  87  87  87  87  87  87  87]
 [ 87  87  87  87  87  87  87  87  87  87  87  87  87  87  87  87  87  87
   87  87  87  87  87  87  87  87  87  87  87  87  87  87  87  87  87  87
   87  87  87  87  87  87  87  87  87  87  87  87  87  87  87  87  87  87
   87  87  87  87  87  87  87  87  87  87  87  87  87  87  87  87  87  87
   87  87  87  87  87  87  87  87  87  87  87  87]
 [ 87  87  87  87  87  87  87  87  87  87  87  87  87  87  87  87  87  87
   87  87  87  87  87  87  87  87  87  87  87  87  87  87  87  87  87  87
   87  87  87  87  87  87  87  87  87  87  87  87  87  87  87  87  87  87
   87  87  87  87  87  87  87  87  87  87  87  87  87  87  87  87  87  87
   87  87  87  87  87  87  87  87  87  87  87  87]
 [ 87  87  87  87  87  87  87  87  87  87  87  87  87  87  87  87  87  87
   87  87  87  87  87  87  87  87  87  87  87  87  87  87  87  87  87  87
   87  87  87  87  87  87  87  87  87  87  87  87  87  87  87  87  87  87
   87  87  87  87  87  87  87  87  87  87  87  87  87  87  87  87  87  87
   87  87  87  87  87  87  87  87  87  87  87  87]
 [ 87  87  87  87  87  87  87  87  87  87  87  87  87  87  87  87  87  87
   87  87  87  87  87  87  87  87  87  87  87  87  87  87  87  87  87  87
   87  87  87  87  87  87  87  87  87  87  87  87  87  87  87  87  87  87
   87  87  87  87  87  87  87  87  87  87  87  87  87  87  87  87  87  87
   87  87  87  87  87  87  87  87  87  87  87  87]
 [ 87  87  87  87  87  87  87  87  87  87  87  87  87  87  87  87  87  87
   87  87  87  87  87  87  87  87  87  87  87  87  87  87  87  87  87  87
   87  87  87  87  87  87  87  87  87  87  87  87  87  87  87  87  87  87
   87  87  87  87  87  87  87  87  87  87  87  87  87  87  87  87  87  87
   87  87  87  87  87  87  87  87  87  87  87  87]
 [ 87  87  87  87  87  87  87  87  87  87  87  87  87  87  87  87  87  87
   87  87  87  87  87  87  87  87  87  87  87  87  87  87  87  87  87  87
   87  87  87  87  87  87  87  87  87  87  87  87  87  87  87  87  87  87
   87  87  87  87  87  87  87  87  87  87  87  87  87  87  87  87  87  87
   87  87  87  87  87  87  87  87  87  87  87  87]
 [ 87  87  87  87  87  87  87  87  87  87  87  87  87  87  87  87  87  87
   87  87  87  87  87  87  87  87  87  87  87  87  87  87  87  87  87  87
   87  87  87  87  87  87  87  87  87  87  87  87  87  87  87  87  87  87
   87  87  87  87  87  87  87  87  87  87  87  87  87  87  87  87  87  87
   87  87  87  87  87  87  87  87  87  87  87  87]
 [ 87  87  87  87  87  87  87  87  87  87  87  87  87  87  87  87  87  87
   87  87  87  87  87  87  87  87  87  87  87  87  87  87  87  87  87  87
   87  87  87  87  87  87  87  87  87  87  87  87  87  87  87  87  87  87
   87  87  87  87  87  87  87  87  87  87  87  87  87  87  87  87  87  87
   87  87  87  87  87  87  87  87  87  87  87  87]
 [ 87  87  87  87  87  87  87  87  87  87  87  87  87  87  87  87  87  87
   87  87  87  87  87  87  87  87  87  87  87  87  87  87  87  87  87  87
   87  87  87  87  87  87  87  87  87  87  87  87  87  87  87  87  87  87
   87  87  87  87  87  87  87  87  87  87  87  87  87  87  87  87  87  87
   87  87  87  87  87  87  87  87  87  87  87  87]
 [ 87  87  87  87  87  87  87  87  87  87  87  87  87  87  87  87  87  87
   87  87  87  87  87  87  87  87  87  87  87  87  87  87  87  87  87  87
   87  87  87  87  87  87  87  87  87  87  87  87  87  87  87  87  87  87
   87  87  87  87  87  87  87  87  87  87  87  87  87  87  87  87  87  87
   87  87  87  87  87  87  87  87  87  87  87  87]
 [ 87  87  87  87  87  87  87  87  87  87  87  87  87  87  87  87  87  87
   87  87  87  87  87  87  87  87  87  87  87  87  87  87  87  87  87  87
   87  87  87  87  87  87  87  87  87  87  87  87  87  87  87  87  87  87
   87  87  87  87  87  87  87  87  87  87  87  87  87  87  87  87  87  87
   87  87  87  87  87  87  87  87  87  87  87  87]
 [ 87  87  87  87  87  87  87  87  87  87  87  87  87  87  87  87  87  87
   87  87  87  87  87  87  87  87  87  87  87  87  87  87  87  87  87  87
   87  87  87  87  87  87  87  87  87  87  87  87  87  87  87  87  87  87
   87  87  87  87  87  87  87  87  87  87  87  87  87  87  87  87  87  87
   87  87  87  87  87  87  87  87  87  87  87  87]
 [ 87  87  87  87  87  87  87  87  87  87  87  87  87  87  87  87  87  87
   87  87  87  87  87  87  87  87  87  87  87  87  87  87  87  87  87  87
   87  87  87  87  87  87  87  87  87  87  87  87  87  87  87  87  87  87
   87  87  87  87  87  87  87  87  87  87  87  87  87  87  87  87  87  87
   87  87  87  87  87  87  87  87  87  87  87  87]
 [ 87  87  87  87  87  87  87  87  87  87  87  87  87  87  87  87  87  87
   87  87  87  87  87  87  87  87  87  87  87  87  87  87  87  87  87  87
   87  87  87  87  87  87  87  87  87  87  87  87  87  87  87  87  87  87
   87  87  87  87  87  87  87  87  87  87  87  87  87  87  87  87  87  87
   87  87  87  87  87  87  87  87  87  87  87  87]
 [ 87  87  87  87  87  87  87  87  87  87  87  87  87  87  87  87  87  87
   87  87  87  87  87  87  87  87  87  87  87  87  87  87  87  87  87  87
   87  87  87  87  87  87  87  87  87  87  87  87  87  87  87  87  87  87
   87  87  87  87  87  87  87  87  87  87  87  87  87  87  87  87  87  87
   87  87  87  87  87  87  87  87  87  87  87  87]
 [ 87  87  87  87  87  87  87  87  87  87  87  87  87  87  87  87  87  87
   87  87  87  87  87  87  87  87  87  87  87  87  87  87  87  87  87  87
   87  87  87  87  87  87  87  87  87  87  87  87  87  87  87  87  87  87
   87  87  87  87  87  87  87  87  87  87  87  87  87  87  87  87  87  87
   87  87  87  87  87  87  87  87  87  87  87  87]
 [ 87  87  87  87  87  87  87  87  87  87  87  87  87  87  87  87  87  87
   87  87  87  87  87  87  87  87  87  87  87  87  87  87  87  87  87  87
   87  87  87  87  87  87  87  87  87  87  87  87  87  87  87  87  87  87
   87  87  87  87  87  87  87  87  87  87  87  87  87  87  87  87  87  87
   87  87  87  87  87  87  87  87  87  87  87  87]
 [ 87  87  87  87  87  87  87  87  87  87  87  87  87  87  87  87  87  87
   87  87  87  87  87  87  87  87  87  87  87  87  87  87  87  87  87  87
   87  87  87  87  87  87  87  87  87  87  87  87  87  87  87  87  87  87
   87  87  87  87  87  87  87  87  87  87  87  87  87  87  87  87  87  87
   87  87  87  87  87  87  87  87  87  87  87  87]
 [ 87  87  87  87  87  87  87  87  87  87  87  87  87  87  87  87  87  87
   87  87  87  87  87  87  87  87  87  87  87  87  87  87  87  87  87  87
   87  87  87  87  87  87  87  87  87  87  87  87  87  87  87  87  87  87
   87  87  87  87  87  87  87  87  87  87  87  87  87  87  87  87  87  87
   87  87  87  87  87  87  87  87  87  87  87  87]
 [ 87  87  87  87  87  87  87  87  87  87  87  87  87  87  87  87  87  87
   87  87  87  87  87  87  87  87  87  87  87  87  87  87  87  87  87  87
   87  87  87  87  87  87  87  87  87  87  87  87  87  87  87  87  87  87
   87  87  87  87  87  87  87  87  87  87  87  87  87  87  87  87  87  87
   87  87  87  87  87  87  87  87  87  87  87  87]
 [ 87  87  87  87  87  87  87  87  87  87  87  87  87  87  87  87  87  87
   87  87  87  87  87  87  87  87  87  87  87  87  87  87  87  87  87  87
   87  87  87  87  87  87  87  87  87  87  87  87  87  87  87  87  87  87
   87  87  87  87  87  87  87  87  87  87  87  87  87  87  87  87  87  87
   87  87  87  87  87  87  87  87  87  87  87  87]
 [ 87  87  87  87  87  87  87  87  87  87  87  87  87  87  87  87  87  87
   87  87  87  87  87  87  87  87  87  87  87  87  87  87  87  87  87  87
   87  87  87  87  87  87  87  87  87  87  87  87  87  87  87  87  87  87
   87  87  87  87  87  87  87  87  87  87  87  87  87  87  87  87  87  87
   87  87  87  87  87  87  87  87  87  87  87  87]
 [ 87  87  87  87  87  87  87  87  87  87  87  87  87  87  87  87  87  87
   87  87  87  87  87  87  87  87  87  87  87  87  87  87  87  87  87  87
   87  87  87  87  87  87  87  87  87  87  87  87  87  87  87  87  87  87
   87  87  87  87  87  87  87  87  87  87  87  87  87  87  87  87  87  87
   87  87  87  87  87  87  87  87  87  87  87  87]
 [ 87  87  87  87  87  87  87  87  87  87  87  87  87  87  87  87  87  87
   87  87  87  87  87  87  87  87  87  87  87  87  87  87  87  87  87  87
   87  87  87  87  87  87  87  87  87  87  87  87  87  87  87  87  87  87
   87  87  87  87  87  87  87  87  87  87  87  87  87  87  87  87  87  87
   87  87  87  87  87  87  87  87  87  87  87  87]
 [ 87  87  87  87  87  87  87  87  87  87  87  87  87  87  87  87  87  87
   87  87  87  87  87  87  87  87  87  87  87  87  87  87  87  87  87  87
   87  87  87  87  87  87  87  87  87  87  87  87  87  87  87  87  87  87
   87  87  87  87  87  87  87  87  87  87  87  87  87  87  87  87  87  87
   87  87  87  87  87  87  87  87  87  87  87  87]
 [ 87  87  87  87  87  87  87  87  87  87  87  87  87  87  87  87  87  87
   87  87  87  87  87  87  87  87  87  87  87  87  87  87  87  87  87  87
   87  87  87  87  87  87  87  87  87  87  87  87  87  87  87  87  87  87
   87  87  87  87  87  87  87  87  87  87  87  87  87  87  87  87  87  87
   87  87  87  87  87  87  87  87  87  87  87  87]
 [ 87  87  87  87  87  87  87  87  87  87  87  87  87  87  87  87  87  87
   87  87  87  87  87  87  87  87  87  87  87  87  87  87  87  87  87  87
   87  87  87  87  87  87  87  87  87  87  87  87  87  87  87  87  87  87
   87  87  87  87  87  87  87  87  87  87  87  87  87  87  87  87  87  87
   87  87  87  87  87  87  87  87  87  87  87  87]
 [ 87  87  87  87  87  87  87  87  87  87  87  87  87  87  87  87  87  87
   87  87  87  87  87  87  87  87  87  87  87  87  87  87  87  87  87  87
   87  87  87  87  87  87  87  87  87  87  87  87  87  87  87  87  87  87
   87  87  87  87  87  87  87  87  87  87  87  87  87  87  87  87  87  87
   87  87  87  87  87  87  87  87  87  87  87  87]
 [ 87  87  87  87  87  87  87  87  87  87  87  87  87  87  87  87  87  87
   87  87  87  87  87  87  87  87  87  87  87  87  87  87  87  87  87  87
   87  87  87  87  87  87  87  87  87  87  87  87  87  87  87  87  87  87
   87  87  87  87  87  87  87  87  87  87  87  87  87  87  87  87  87  87
   87  87  87  87  87  87  87  87  87  87  87  87]
 [ 87  87  87  87  87  87  87  87  87  87  87  87  87  87  87  87  87  87
   87  87  87  87  87  87  87  87  87  87  87  87  87  87  87  87  87  87
   87  87  87  87  87  87  87  87  87  87  87  87  87  87  87  87  87  87
   87  87  87  87  87  87  87  87  87  87  87  87  87  87  87  87  87  87
   87  87  87  87  87  87  87  87  87  87  87  87]
 [ 87  87  87  87  87  87  87  87  87  87  87  87  87  87  87  87  87  87
   87  87  87  87  87  87  87  87  87  87  87  87  87  87  87  87  87  87
   87  87  87  87  87  87  87  87  87  87  87  87  87  87  87  87  87  87
   87  87  87  87  87  87  87  87  87  87  87  87  87  87  87  87  87  87
   87  87  87  87  87  87  87  87  87  87  87  87]
 [147 147 147 147 147 147 147 147 147 147 147 147 147 147 147 147 147 147
  147 147 147 147 147 147 147 147 147 147 147 147 147 147 147 147 147 147
  147 147 147 147 147 147 147 147 147 147 147 147 147 147 147 147 147 147
  147 147 147 147 147 147 147 147 147 147 147 147 147 147 147 147 147 147
  147 147 147 147 147 147 147 147 147 147 147 147]
 [236 236 236 236 236 236 236 236 236 236 236 236 236 236 236 236 236 236
  236 236 236 236 236 236 236 236 236 236 236 236 236 236 236 236 236 236
  236 236 236 236 236 236 236 236 236 236 236 236 236 236 236 236 236 236
  236 236 236 236 236 236 236 236 236 236 236 236 236 236 236 236 236 236
  236 236 236 236 236 236 236 236 236 236 236 236]
 [236 236 236 236 236 236 236 236 236 236 236 236 236 236 236 236 236 236
  236 236 236 236 236 236 236 236 236 236 236 236 236 236 236 236 236 236
  236 236 236 236 236 236 236 236 236 236 236 236 236 236 236 236 236 236
  236 236 236 236 236 236 236 236 236 236 236 236 236 236 236 236 236 236
  236 236 236 236 236 236 236 236 236 236 236 236]
 [236 236 236 236 236 236 236 236 236 236 236 236 236 236 236 236 236 236
  236 236 236 236 236 236 236 236 236 236 236 236 236 236 236 236 236 236
  236 236 236 236 236 236 236 236 236 236 236 236 236 236 236 236 236 236
  236 236 236 236 236 236 236 236 236 236 236 236 236 236 236 236 236 236
  236 236 236 236 236 236 236 236 236 236 236 236]
 [236 236 236 236 236 236 236 236 236 236 236 236 236 236 236 236 236 236
  236 236 236 236 236 236 236 236 236 236 236 236 236 236 236 236 236 236
  236 236 236 236 236 236 236 236 236 236 236 236 236 236 236 236 236 236
  236 236 236 236 236 236 236 236 236 236 236 236 236 236 236 236 236 236
  236 236 236 236 236 236 236 236 236 236 236 236]
 [236 236 236 236 236 236 236 236 236 236 236 236 236 236 236 236 236 236
  236 236 236 236 236 236 236 236 236 236 236 236 236 236 236 236 236 236
  236 236 236 236 236 236 236 236 236 236 236 236 236 236 236 236 236 236
  236 236 236 236 236 236 236 236 236 236 236 236 236 236 236 236 236 236
  236 236 236 236 236 236 236 236 236 236 236 236]
 [236 236 236 236 236 236 236 236 236 236 236 236 236 236 236 236 236 236
  236 236 236 236 236 236 236 236 236 236 236 236 236 236 236 236 236 236
  236 236 236 236 236 236 236 236 236 236 236 236 236 236 236 236 236 236
  236 236 236 236 236 236 236 236 236 236 236 236 236 236 236 236 236 236
  236 236 236 236 236 236 236 236 236 236 236 236]]